image_width: 640
image_height: 480
camera_name: narrow_stereo/right
camera_matrix:
  rows: 3
  cols: 3
  data: [649.571135, 0.000000, 317.708280, 0.000000, 650.353235, 247.055303, 0.000000, 0.000000, 1.000000]
distortion_model: plumb_bob
distortion_coefficients:
  rows: 1
  cols: 5
  data: [-0.399615, 0.176959, -0.001589, 0.003345, 0.000000]
rectification_matrix:
  rows: 3
  cols: 3
  data: [0.999670, -0.019937, 0.016212, 0.019973, 0.999798, -0.002057, -0.016168, 0.002380, 0.999866]
projection_matrix:
  rows: 3
  cols: 4
  data: [621.336510, 0.000000, 310.376518, -34.397191, 0.000000, 621.336510, 248.062675, 0.000000, 0.000000, 0.000000, 1.000000, 0.000000]
