image_width: 1920
image_height: 1080
camera_name: narrow_stereo/right
camera_matrix:
  rows: 3
  cols: 3
  data: [1440.623301, 0.000000, 936.048632, 0.000000, 1437.412012, 540.022223, 0.000000, 0.000000, 1.000000]
distortion_model: plumb_bob
distortion_coefficients:
  rows: 1
  cols: 5
  data: [-0.406497, 0.150912, 0.001961, 0.002483, 0.000000]
rectification_matrix:
  rows: 3
  cols: 3
  data: [0.997890, -0.064925, -0.001079, 0.064928, 0.997888, 0.002109, 0.000940, -0.002174, 0.999997]
projection_matrix:
  rows: 3
  cols: 4
  data: [1382.591118, 0.000000, 942.514160, -81.584831, 0.000000, 1382.591118, 541.378372, 0.000000, 0.000000, 0.000000, 1.000000, 0.000000]
