image_width: 1280
image_height: 720
camera_name: narrow_stereo/right
camera_matrix:
  rows: 3
  cols: 3
  data: [953.871840, 0.000000, 632.335221, 0.000000, 952.330174, 368.166856, 0.000000, 0.000000, 1.000000]
distortion_model: plumb_bob
distortion_coefficients:
  rows: 1
  cols: 5
  data: [-0.395537, 0.143529, -0.000213, 0.001408, 0.000000]
rectification_matrix:
  rows: 3
  cols: 3
  data: [0.999810, 0.019500, -0.000058, -0.019500, 0.999809, 0.001124, 0.000080, -0.001122, 0.999999]
projection_matrix:
  rows: 3
  cols: 4
  data: [906.268919, 0.000000, 639.430183, -52.875602, 0.000000, 906.268919, 365.507107, 0.000000, 0.000000, 0.000000, 1.000000, 0.000000]
